{
  "cells": [
    {
      "cell_type": "code",
      "execution_count": 4,
      "id": "7d0e76ec",
      "metadata": {
        "id": "7d0e76ec"
      },
      "outputs": [],
      "source": [
        "import tensorflow as tf"
      ]
    },
    {
      "cell_type": "code",
      "execution_count": 5,
      "id": "24a3f581",
      "metadata": {
        "id": "24a3f581"
      },
      "outputs": [],
      "source": [
        "from tensorflow.keras.models import Sequential\n",
        "from tensorflow.keras.layers import Dense\n"
      ]
    },
    {
      "cell_type": "code",
      "execution_count": 6,
      "id": "46eda434",
      "metadata": {
        "id": "46eda434"
      },
      "outputs": [],
      "source": [
        "import pandas as pd\n",
        "import numpy as np"
      ]
    },
    {
      "cell_type": "code",
      "execution_count": 7,
      "id": "b9e1fe76",
      "metadata": {
        "colab": {
          "base_uri": "https://localhost:8080/",
          "height": 206
        },
        "id": "b9e1fe76",
        "outputId": "916e1f8a-6de1-4b3c-9faf-64aa837ffe8f"
      },
      "outputs": [
        {
          "data": {
            "text/html": [
              "<div>\n",
              "<style scoped>\n",
              "    .dataframe tbody tr th:only-of-type {\n",
              "        vertical-align: middle;\n",
              "    }\n",
              "\n",
              "    .dataframe tbody tr th {\n",
              "        vertical-align: top;\n",
              "    }\n",
              "\n",
              "    .dataframe thead th {\n",
              "        text-align: right;\n",
              "    }\n",
              "</style>\n",
              "<table border=\"1\" class=\"dataframe\">\n",
              "  <thead>\n",
              "    <tr style=\"text-align: right;\">\n",
              "      <th></th>\n",
              "      <th>age</th>\n",
              "      <th>sex</th>\n",
              "      <th>cp</th>\n",
              "      <th>trestbps</th>\n",
              "      <th>chol</th>\n",
              "      <th>restecg</th>\n",
              "      <th>thalach</th>\n",
              "      <th>exang</th>\n",
              "      <th>oldpeak</th>\n",
              "      <th>slope</th>\n",
              "      <th>ca</th>\n",
              "      <th>thal</th>\n",
              "      <th>target</th>\n",
              "    </tr>\n",
              "  </thead>\n",
              "  <tbody>\n",
              "    <tr>\n",
              "      <th>0</th>\n",
              "      <td>63</td>\n",
              "      <td>1</td>\n",
              "      <td>3</td>\n",
              "      <td>145</td>\n",
              "      <td>233</td>\n",
              "      <td>0</td>\n",
              "      <td>150</td>\n",
              "      <td>0</td>\n",
              "      <td>2.3</td>\n",
              "      <td>0</td>\n",
              "      <td>0</td>\n",
              "      <td>1</td>\n",
              "      <td>1</td>\n",
              "    </tr>\n",
              "    <tr>\n",
              "      <th>1</th>\n",
              "      <td>37</td>\n",
              "      <td>1</td>\n",
              "      <td>2</td>\n",
              "      <td>130</td>\n",
              "      <td>250</td>\n",
              "      <td>1</td>\n",
              "      <td>187</td>\n",
              "      <td>0</td>\n",
              "      <td>3.5</td>\n",
              "      <td>0</td>\n",
              "      <td>0</td>\n",
              "      <td>2</td>\n",
              "      <td>1</td>\n",
              "    </tr>\n",
              "    <tr>\n",
              "      <th>2</th>\n",
              "      <td>41</td>\n",
              "      <td>0</td>\n",
              "      <td>1</td>\n",
              "      <td>130</td>\n",
              "      <td>204</td>\n",
              "      <td>0</td>\n",
              "      <td>172</td>\n",
              "      <td>0</td>\n",
              "      <td>1.4</td>\n",
              "      <td>2</td>\n",
              "      <td>0</td>\n",
              "      <td>2</td>\n",
              "      <td>1</td>\n",
              "    </tr>\n",
              "    <tr>\n",
              "      <th>3</th>\n",
              "      <td>56</td>\n",
              "      <td>1</td>\n",
              "      <td>1</td>\n",
              "      <td>120</td>\n",
              "      <td>236</td>\n",
              "      <td>1</td>\n",
              "      <td>178</td>\n",
              "      <td>0</td>\n",
              "      <td>0.8</td>\n",
              "      <td>2</td>\n",
              "      <td>0</td>\n",
              "      <td>2</td>\n",
              "      <td>1</td>\n",
              "    </tr>\n",
              "    <tr>\n",
              "      <th>4</th>\n",
              "      <td>57</td>\n",
              "      <td>0</td>\n",
              "      <td>0</td>\n",
              "      <td>120</td>\n",
              "      <td>354</td>\n",
              "      <td>1</td>\n",
              "      <td>163</td>\n",
              "      <td>1</td>\n",
              "      <td>0.6</td>\n",
              "      <td>2</td>\n",
              "      <td>0</td>\n",
              "      <td>2</td>\n",
              "      <td>1</td>\n",
              "    </tr>\n",
              "  </tbody>\n",
              "</table>\n",
              "</div>"
            ],
            "text/plain": [
              "   age  sex  cp  trestbps  chol  restecg  thalach  exang  oldpeak  slope  ca  \\\n",
              "0   63    1   3       145   233        0      150      0      2.3      0   0   \n",
              "1   37    1   2       130   250        1      187      0      3.5      0   0   \n",
              "2   41    0   1       130   204        0      172      0      1.4      2   0   \n",
              "3   56    1   1       120   236        1      178      0      0.8      2   0   \n",
              "4   57    0   0       120   354        1      163      1      0.6      2   0   \n",
              "\n",
              "   thal  target  \n",
              "0     1       1  \n",
              "1     2       1  \n",
              "2     2       1  \n",
              "3     2       1  \n",
              "4     2       1  "
            ]
          },
          "execution_count": 7,
          "metadata": {},
          "output_type": "execute_result"
        }
      ],
      "source": [
        "path = 'heart.csv'\n",
        "df = pd.read_csv(path)\n",
        "df.head()"
      ]
    },
    {
      "cell_type": "code",
      "execution_count": 8,
      "id": "jZq81_ztVjW0",
      "metadata": {
        "colab": {
          "base_uri": "https://localhost:8080/",
          "height": 457
        },
        "id": "jZq81_ztVjW0",
        "outputId": "10058114-9afe-479c-bd7a-8b862f014f14"
      },
      "outputs": [
        {
          "data": {
            "text/html": [
              "<div>\n",
              "<style scoped>\n",
              "    .dataframe tbody tr th:only-of-type {\n",
              "        vertical-align: middle;\n",
              "    }\n",
              "\n",
              "    .dataframe tbody tr th {\n",
              "        vertical-align: top;\n",
              "    }\n",
              "\n",
              "    .dataframe thead th {\n",
              "        text-align: right;\n",
              "    }\n",
              "</style>\n",
              "<table border=\"1\" class=\"dataframe\">\n",
              "  <thead>\n",
              "    <tr style=\"text-align: right;\">\n",
              "      <th></th>\n",
              "      <th>age</th>\n",
              "      <th>sex</th>\n",
              "      <th>cp</th>\n",
              "      <th>trestbps</th>\n",
              "      <th>chol</th>\n",
              "      <th>restecg</th>\n",
              "      <th>thalach</th>\n",
              "      <th>exang</th>\n",
              "      <th>oldpeak</th>\n",
              "      <th>slope</th>\n",
              "      <th>ca</th>\n",
              "      <th>thal</th>\n",
              "      <th>target</th>\n",
              "    </tr>\n",
              "  </thead>\n",
              "  <tbody>\n",
              "    <tr>\n",
              "      <th>age</th>\n",
              "      <td>1.000000</td>\n",
              "      <td>-0.098447</td>\n",
              "      <td>-0.068653</td>\n",
              "      <td>0.279351</td>\n",
              "      <td>0.213678</td>\n",
              "      <td>-0.116211</td>\n",
              "      <td>-0.398522</td>\n",
              "      <td>0.096801</td>\n",
              "      <td>0.210013</td>\n",
              "      <td>-0.168814</td>\n",
              "      <td>0.276326</td>\n",
              "      <td>0.068001</td>\n",
              "      <td>-0.225439</td>\n",
              "    </tr>\n",
              "    <tr>\n",
              "      <th>sex</th>\n",
              "      <td>-0.098447</td>\n",
              "      <td>1.000000</td>\n",
              "      <td>-0.049353</td>\n",
              "      <td>-0.056769</td>\n",
              "      <td>-0.197912</td>\n",
              "      <td>-0.058196</td>\n",
              "      <td>-0.044020</td>\n",
              "      <td>0.141664</td>\n",
              "      <td>0.096093</td>\n",
              "      <td>-0.030711</td>\n",
              "      <td>0.118261</td>\n",
              "      <td>0.210041</td>\n",
              "      <td>-0.280937</td>\n",
              "    </tr>\n",
              "    <tr>\n",
              "      <th>cp</th>\n",
              "      <td>-0.068653</td>\n",
              "      <td>-0.049353</td>\n",
              "      <td>1.000000</td>\n",
              "      <td>0.047608</td>\n",
              "      <td>-0.076904</td>\n",
              "      <td>0.044421</td>\n",
              "      <td>0.295762</td>\n",
              "      <td>-0.394280</td>\n",
              "      <td>-0.149230</td>\n",
              "      <td>0.119717</td>\n",
              "      <td>-0.181053</td>\n",
              "      <td>-0.161736</td>\n",
              "      <td>0.433798</td>\n",
              "    </tr>\n",
              "    <tr>\n",
              "      <th>trestbps</th>\n",
              "      <td>0.279351</td>\n",
              "      <td>-0.056769</td>\n",
              "      <td>0.047608</td>\n",
              "      <td>1.000000</td>\n",
              "      <td>0.123174</td>\n",
              "      <td>-0.114103</td>\n",
              "      <td>-0.046698</td>\n",
              "      <td>0.067616</td>\n",
              "      <td>0.193216</td>\n",
              "      <td>-0.121475</td>\n",
              "      <td>0.101389</td>\n",
              "      <td>0.062210</td>\n",
              "      <td>-0.144931</td>\n",
              "    </tr>\n",
              "    <tr>\n",
              "      <th>chol</th>\n",
              "      <td>0.213678</td>\n",
              "      <td>-0.197912</td>\n",
              "      <td>-0.076904</td>\n",
              "      <td>0.123174</td>\n",
              "      <td>1.000000</td>\n",
              "      <td>-0.151040</td>\n",
              "      <td>-0.009940</td>\n",
              "      <td>0.067023</td>\n",
              "      <td>0.053952</td>\n",
              "      <td>-0.004038</td>\n",
              "      <td>0.070511</td>\n",
              "      <td>0.098803</td>\n",
              "      <td>-0.085239</td>\n",
              "    </tr>\n",
              "    <tr>\n",
              "      <th>restecg</th>\n",
              "      <td>-0.116211</td>\n",
              "      <td>-0.058196</td>\n",
              "      <td>0.044421</td>\n",
              "      <td>-0.114103</td>\n",
              "      <td>-0.151040</td>\n",
              "      <td>1.000000</td>\n",
              "      <td>0.044123</td>\n",
              "      <td>-0.070733</td>\n",
              "      <td>-0.058770</td>\n",
              "      <td>0.093045</td>\n",
              "      <td>-0.072042</td>\n",
              "      <td>-0.011981</td>\n",
              "      <td>0.137230</td>\n",
              "    </tr>\n",
              "    <tr>\n",
              "      <th>thalach</th>\n",
              "      <td>-0.398522</td>\n",
              "      <td>-0.044020</td>\n",
              "      <td>0.295762</td>\n",
              "      <td>-0.046698</td>\n",
              "      <td>-0.009940</td>\n",
              "      <td>0.044123</td>\n",
              "      <td>1.000000</td>\n",
              "      <td>-0.378812</td>\n",
              "      <td>-0.344187</td>\n",
              "      <td>0.386784</td>\n",
              "      <td>-0.213177</td>\n",
              "      <td>-0.096439</td>\n",
              "      <td>0.421741</td>\n",
              "    </tr>\n",
              "    <tr>\n",
              "      <th>exang</th>\n",
              "      <td>0.096801</td>\n",
              "      <td>0.141664</td>\n",
              "      <td>-0.394280</td>\n",
              "      <td>0.067616</td>\n",
              "      <td>0.067023</td>\n",
              "      <td>-0.070733</td>\n",
              "      <td>-0.378812</td>\n",
              "      <td>1.000000</td>\n",
              "      <td>0.288223</td>\n",
              "      <td>-0.257748</td>\n",
              "      <td>0.115739</td>\n",
              "      <td>0.206754</td>\n",
              "      <td>-0.436757</td>\n",
              "    </tr>\n",
              "    <tr>\n",
              "      <th>oldpeak</th>\n",
              "      <td>0.210013</td>\n",
              "      <td>0.096093</td>\n",
              "      <td>-0.149230</td>\n",
              "      <td>0.193216</td>\n",
              "      <td>0.053952</td>\n",
              "      <td>-0.058770</td>\n",
              "      <td>-0.344187</td>\n",
              "      <td>0.288223</td>\n",
              "      <td>1.000000</td>\n",
              "      <td>-0.577537</td>\n",
              "      <td>0.222682</td>\n",
              "      <td>0.210244</td>\n",
              "      <td>-0.430696</td>\n",
              "    </tr>\n",
              "    <tr>\n",
              "      <th>slope</th>\n",
              "      <td>-0.168814</td>\n",
              "      <td>-0.030711</td>\n",
              "      <td>0.119717</td>\n",
              "      <td>-0.121475</td>\n",
              "      <td>-0.004038</td>\n",
              "      <td>0.093045</td>\n",
              "      <td>0.386784</td>\n",
              "      <td>-0.257748</td>\n",
              "      <td>-0.577537</td>\n",
              "      <td>1.000000</td>\n",
              "      <td>-0.080155</td>\n",
              "      <td>-0.104764</td>\n",
              "      <td>0.345877</td>\n",
              "    </tr>\n",
              "    <tr>\n",
              "      <th>ca</th>\n",
              "      <td>0.276326</td>\n",
              "      <td>0.118261</td>\n",
              "      <td>-0.181053</td>\n",
              "      <td>0.101389</td>\n",
              "      <td>0.070511</td>\n",
              "      <td>-0.072042</td>\n",
              "      <td>-0.213177</td>\n",
              "      <td>0.115739</td>\n",
              "      <td>0.222682</td>\n",
              "      <td>-0.080155</td>\n",
              "      <td>1.000000</td>\n",
              "      <td>0.151832</td>\n",
              "      <td>-0.391724</td>\n",
              "    </tr>\n",
              "    <tr>\n",
              "      <th>thal</th>\n",
              "      <td>0.068001</td>\n",
              "      <td>0.210041</td>\n",
              "      <td>-0.161736</td>\n",
              "      <td>0.062210</td>\n",
              "      <td>0.098803</td>\n",
              "      <td>-0.011981</td>\n",
              "      <td>-0.096439</td>\n",
              "      <td>0.206754</td>\n",
              "      <td>0.210244</td>\n",
              "      <td>-0.104764</td>\n",
              "      <td>0.151832</td>\n",
              "      <td>1.000000</td>\n",
              "      <td>-0.344029</td>\n",
              "    </tr>\n",
              "    <tr>\n",
              "      <th>target</th>\n",
              "      <td>-0.225439</td>\n",
              "      <td>-0.280937</td>\n",
              "      <td>0.433798</td>\n",
              "      <td>-0.144931</td>\n",
              "      <td>-0.085239</td>\n",
              "      <td>0.137230</td>\n",
              "      <td>0.421741</td>\n",
              "      <td>-0.436757</td>\n",
              "      <td>-0.430696</td>\n",
              "      <td>0.345877</td>\n",
              "      <td>-0.391724</td>\n",
              "      <td>-0.344029</td>\n",
              "      <td>1.000000</td>\n",
              "    </tr>\n",
              "  </tbody>\n",
              "</table>\n",
              "</div>"
            ],
            "text/plain": [
              "               age       sex        cp  trestbps      chol   restecg  \\\n",
              "age       1.000000 -0.098447 -0.068653  0.279351  0.213678 -0.116211   \n",
              "sex      -0.098447  1.000000 -0.049353 -0.056769 -0.197912 -0.058196   \n",
              "cp       -0.068653 -0.049353  1.000000  0.047608 -0.076904  0.044421   \n",
              "trestbps  0.279351 -0.056769  0.047608  1.000000  0.123174 -0.114103   \n",
              "chol      0.213678 -0.197912 -0.076904  0.123174  1.000000 -0.151040   \n",
              "restecg  -0.116211 -0.058196  0.044421 -0.114103 -0.151040  1.000000   \n",
              "thalach  -0.398522 -0.044020  0.295762 -0.046698 -0.009940  0.044123   \n",
              "exang     0.096801  0.141664 -0.394280  0.067616  0.067023 -0.070733   \n",
              "oldpeak   0.210013  0.096093 -0.149230  0.193216  0.053952 -0.058770   \n",
              "slope    -0.168814 -0.030711  0.119717 -0.121475 -0.004038  0.093045   \n",
              "ca        0.276326  0.118261 -0.181053  0.101389  0.070511 -0.072042   \n",
              "thal      0.068001  0.210041 -0.161736  0.062210  0.098803 -0.011981   \n",
              "target   -0.225439 -0.280937  0.433798 -0.144931 -0.085239  0.137230   \n",
              "\n",
              "           thalach     exang   oldpeak     slope        ca      thal    target  \n",
              "age      -0.398522  0.096801  0.210013 -0.168814  0.276326  0.068001 -0.225439  \n",
              "sex      -0.044020  0.141664  0.096093 -0.030711  0.118261  0.210041 -0.280937  \n",
              "cp        0.295762 -0.394280 -0.149230  0.119717 -0.181053 -0.161736  0.433798  \n",
              "trestbps -0.046698  0.067616  0.193216 -0.121475  0.101389  0.062210 -0.144931  \n",
              "chol     -0.009940  0.067023  0.053952 -0.004038  0.070511  0.098803 -0.085239  \n",
              "restecg   0.044123 -0.070733 -0.058770  0.093045 -0.072042 -0.011981  0.137230  \n",
              "thalach   1.000000 -0.378812 -0.344187  0.386784 -0.213177 -0.096439  0.421741  \n",
              "exang    -0.378812  1.000000  0.288223 -0.257748  0.115739  0.206754 -0.436757  \n",
              "oldpeak  -0.344187  0.288223  1.000000 -0.577537  0.222682  0.210244 -0.430696  \n",
              "slope     0.386784 -0.257748 -0.577537  1.000000 -0.080155 -0.104764  0.345877  \n",
              "ca       -0.213177  0.115739  0.222682 -0.080155  1.000000  0.151832 -0.391724  \n",
              "thal     -0.096439  0.206754  0.210244 -0.104764  0.151832  1.000000 -0.344029  \n",
              "target    0.421741 -0.436757 -0.430696  0.345877 -0.391724 -0.344029  1.000000  "
            ]
          },
          "execution_count": 8,
          "metadata": {},
          "output_type": "execute_result"
        }
      ],
      "source": [
        "df.corr()"
      ]
    },
    {
      "cell_type": "code",
      "execution_count": 9,
      "id": "r_9T27BWWUQq",
      "metadata": {
        "id": "r_9T27BWWUQq"
      },
      "outputs": [],
      "source": [
        "X = df[['cp', 'thalach', 'exang', 'oldpeak']]\n",
        "Y = df[\"target\"]"
      ]
    },
    {
      "cell_type": "code",
      "execution_count": 10,
      "id": "fce1893b",
      "metadata": {
        "id": "fce1893b"
      },
      "outputs": [
        {
          "name": "stderr",
          "output_type": "stream",
          "text": [
            "/Users/irfanwani/Downloads/CAP450/code/venv/lib/python3.11/site-packages/keras/src/layers/core/dense.py:86: UserWarning: Do not pass an `input_shape`/`input_dim` argument to a layer. When using Sequential models, prefer using an `Input(shape)` object as the first layer in the model instead.\n",
            "  super().__init__(activity_regularizer=activity_regularizer, **kwargs)\n"
          ]
        }
      ],
      "source": [
        "model = Sequential([\n",
        "Dense(20, activation='relu', input_shape=(4,)),\n",
        "Dense(10, activation='relu'),\n",
        "Dense(1, activation='softmax')\n",
        "])"
      ]
    },
    {
      "cell_type": "code",
      "execution_count": 11,
      "id": "435646d9",
      "metadata": {
        "id": "435646d9"
      },
      "outputs": [],
      "source": [
        "model.compile(loss='binary_crossentropy',\n",
        "              optimizer='sgd',\n",
        "              metrics=['accuracy'])"
      ]
    },
    {
      "cell_type": "code",
      "execution_count": 12,
      "id": "44e8743a",
      "metadata": {
        "colab": {
          "base_uri": "https://localhost:8080/"
        },
        "id": "44e8743a",
        "outputId": "ce9523bd-7f59-4837-e23c-085f8f443a70"
      },
      "outputs": [
        {
          "name": "stdout",
          "output_type": "stream",
          "text": [
            "Train set: (212, 4) (212,)\n",
            "Test set: (91, 4) (91,)\n"
          ]
        }
      ],
      "source": [
        "from sklearn.model_selection import train_test_split\n",
        "X_train, X_test, y_train, y_test = train_test_split( X, Y, test_size=0.3)\n",
        "print ('Train set:', X_train.shape,  y_train.shape)\n",
        "print ('Test set:', X_test.shape,  y_test.shape)"
      ]
    },
    {
      "cell_type": "code",
      "execution_count": 13,
      "id": "ef2b717a",
      "metadata": {
        "colab": {
          "base_uri": "https://localhost:8080/"
        },
        "id": "ef2b717a",
        "outputId": "17849196-8f2d-4586-87f8-c65579f017e9"
      },
      "outputs": [
        {
          "name": "stdout",
          "output_type": "stream",
          "text": [
            "Epoch 1/5\n"
          ]
        },
        {
          "name": "stdout",
          "output_type": "stream",
          "text": [
            "\u001b[1m3/3\u001b[0m \u001b[32m━━━━━━━━━━━━━━━━━━━━\u001b[0m\u001b[37m\u001b[0m \u001b[1m0s\u001b[0m 2ms/step - accuracy: 0.5326 - loss: 16.6543 \n",
            "Epoch 2/5\n",
            "\u001b[1m3/3\u001b[0m \u001b[32m━━━━━━━━━━━━━━━━━━━━\u001b[0m\u001b[37m\u001b[0m \u001b[1m0s\u001b[0m 946us/step - accuracy: 0.5439 - loss: 0.7216\n",
            "Epoch 3/5\n",
            "\u001b[1m3/3\u001b[0m \u001b[32m━━━━━━━━━━━━━━━━━━━━\u001b[0m\u001b[37m\u001b[0m \u001b[1m0s\u001b[0m 1ms/step - accuracy: 0.5364 - loss: 0.6811 \n",
            "Epoch 4/5\n"
          ]
        },
        {
          "name": "stderr",
          "output_type": "stream",
          "text": [
            "/Users/irfanwani/Downloads/CAP450/code/venv/lib/python3.11/site-packages/keras/src/ops/nn.py:545: UserWarning: You are using a softmax over axis -1 of a tensor of shape (None, 1). This axis has size 1. The softmax operation will always return the value 1, which is likely not what you intended. Did you mean to use a sigmoid instead?\n",
            "  warnings.warn(\n"
          ]
        },
        {
          "name": "stdout",
          "output_type": "stream",
          "text": [
            "\u001b[1m3/3\u001b[0m \u001b[32m━━━━━━━━━━━━━━━━━━━━\u001b[0m\u001b[37m\u001b[0m \u001b[1m0s\u001b[0m 916us/step - accuracy: 0.5376 - loss: 0.6890\n",
            "Epoch 5/5\n",
            "\u001b[1m3/3\u001b[0m \u001b[32m━━━━━━━━━━━━━━━━━━━━\u001b[0m\u001b[37m\u001b[0m \u001b[1m0s\u001b[0m 1ms/step - accuracy: 0.5576 - loss: 0.6774 \n"
          ]
        },
        {
          "data": {
            "text/plain": [
              "<keras.src.callbacks.history.History at 0x316639b10>"
            ]
          },
          "execution_count": 13,
          "metadata": {},
          "output_type": "execute_result"
        }
      ],
      "source": [
        "model.fit(X_train, y_train, epochs=5, batch_size=100)"
      ]
    },
    {
      "cell_type": "code",
      "execution_count": 14,
      "id": "20102fbd",
      "metadata": {
        "colab": {
          "base_uri": "https://localhost:8080/"
        },
        "id": "20102fbd",
        "outputId": "5f2f1f72-e3c8-4715-90fd-260a90b55782"
      },
      "outputs": [
        {
          "data": {
            "text/plain": [
              "0.5377358198165894"
            ]
          },
          "execution_count": 14,
          "metadata": {},
          "output_type": "execute_result"
        }
      ],
      "source": [
        "training_accuracy = model.history.history['accuracy']\n",
        "max(training_accuracy)"
      ]
    },
    {
      "cell_type": "code",
      "execution_count": 15,
      "id": "9388c6e7",
      "metadata": {
        "colab": {
          "base_uri": "https://localhost:8080/"
        },
        "id": "9388c6e7",
        "outputId": "be23d151-0182-4248-f497-1b399f199a8e"
      },
      "outputs": [
        {
          "data": {
            "text/plain": [
              "0.6810850501060486"
            ]
          },
          "execution_count": 15,
          "metadata": {},
          "output_type": "execute_result"
        }
      ],
      "source": [
        "training_loss = model.history.history['loss']\n",
        "min(training_loss)"
      ]
    },
    {
      "cell_type": "code",
      "execution_count": 16,
      "id": "67cda39b",
      "metadata": {
        "colab": {
          "base_uri": "https://localhost:8080/"
        },
        "id": "67cda39b",
        "outputId": "cd9c0276-a260-4202-c433-e3ac9a76a518"
      },
      "outputs": [
        {
          "name": "stdout",
          "output_type": "stream",
          "text": [
            "\u001b[1m3/3\u001b[0m \u001b[32m━━━━━━━━━━━━━━━━━━━━\u001b[0m\u001b[37m\u001b[0m \u001b[1m0s\u001b[0m 996us/step - accuracy: 0.5537 - loss: 0.6893\n"
          ]
        },
        {
          "name": "stderr",
          "output_type": "stream",
          "text": [
            "/Users/irfanwani/Downloads/CAP450/code/venv/lib/python3.11/site-packages/keras/src/ops/nn.py:545: UserWarning: You are using a softmax over axis -1 of a tensor of shape (None, 1). This axis has size 1. The softmax operation will always return the value 1, which is likely not what you intended. Did you mean to use a sigmoid instead?\n",
            "  warnings.warn(\n"
          ]
        },
        {
          "data": {
            "text/plain": [
              "[0.6892656683921814, 0.5604395866394043]"
            ]
          },
          "execution_count": 16,
          "metadata": {},
          "output_type": "execute_result"
        }
      ],
      "source": [
        "model.evaluate(X_test, y_test)"
      ]
    },
    {
      "cell_type": "code",
      "execution_count": 17,
      "id": "0d077a2e",
      "metadata": {
        "id": "0d077a2e"
      },
      "outputs": [],
      "source": [
        "import matplotlib.pyplot as plt"
      ]
    },
    {
      "cell_type": "code",
      "execution_count": 18,
      "id": "ac8b7dab",
      "metadata": {
        "colab": {
          "base_uri": "https://localhost:8080/",
          "height": 490
        },
        "id": "ac8b7dab",
        "outputId": "615bdb17-7dac-4145-864c-5d94b749eeff"
      },
      "outputs": [
        {
          "data": {
            "text/plain": [
              "Text(0, 0.5, 'Accuracy')"
            ]
          },
          "execution_count": 18,
          "metadata": {},
          "output_type": "execute_result"
        },
        {
          "data": {
